0 2.23302e-13 3.63888e-14 6.25086e-05 8.97058e-10 6.25086e-05 0.999874
0.12 2.47587e-13 3.63883e-14 7.06432e-05 9.54399e-10 7.06432e-05 0.999858
0.24 3.09235e-13 3.6387e-14 9.1295e-05 1.10871e-09 9.1295e-05 0.999817
0.36 4.11822e-13 3.63849e-14 0.000125665 1.39244e-09 0.000125665 0.999748
0.48 5.67908e-13 3.63819e-14 0.000177966 1.8834e-09 0.000177966 0.999644
0.6 7.98618e-13 3.63777e-14 0.000255283 2.72504e-09 0.000255283 0.999489
0.72 1.13543e-12 3.63722e-14 0.000368174 4.17106e-09 0.000368174 0.999264
0.84 1.62346e-12 3.63649e-14 0.000531769 6.66719e-09 0.000531769 0.998937
0.96 2.32611e-12 3.6356e-14 0.000767338 1.09972e-08 0.000767338 0.998466
1.08 3.33139e-12 3.63457e-14 0.0011044 1.85424e-08 0.0011044 0.997792
1.2 4.76005e-12 3.63355e-14 0.00158347 3.17435e-08 0.00158347 0.996833
1.32 6.77587e-12 3.63291e-14 0.00225948 5.4921e-08 0.00225948 0.995481
1.44 9.59843e-12 3.63344e-14 0.0032061 9.57354e-08 0.0032061 0.993588
1.56 1.35186e-11 3.63677e-14 0.00452092 1.67784e-07 0.00452092 0.990959
1.68 1.89167e-11 3.64605e-14 0.00633154 2.95208e-07 0.00633154 0.987337
1.8 2.62834e-11 3.66723e-14 0.00880255 5.20861e-07 0.00880255 0.982395
1.92 3.62417e-11 3.71131e-14 0.012143 9.20719e-07 0.012143 0.975713
2.04 4.957e-11 3.79835e-14 0.0166141 1.6292e-06 0.0166141 0.96677
2.16 6.72209e-11 3.96438e-14 0.0225354 2.88333e-06 0.0225354 0.954926
2.28 9.03309e-11 4.27346e-14 0.0302884 5.09916e-06 0.0302884 0.939418
2.4 1.20212e-10 4.83825e-14 0.0403132 9.00246e-06 0.0403132 0.919364
2.52 1.58311e-10 5.85472e-14 0.0530951 1.58492e-05 0.0530951 0.893794
2.64 2.06113e-10 7.65981e-14 0.0691326 2.77914e-05 0.0691326 0.861706
2.76 2.64977e-10 1.08252e-13 0.0888816 4.84717e-05 0.0888816 0.822188
2.88 3.35882e-10 1.63071e-13 0.112671 8.39689e-05 0.112671 0.774573
3 4.19102e-10 2.56799e-13 0.140593 0.000144268 0.140593 0.71867
3.12 5.13858e-10 4.1495e-13 0.172385 0.000245496 0.172385 0.654983
3.24 6.18051e-10 6.7825e-13 0.207344 0.000413276 0.207344 0.584897
3.36 7.28212e-10 1.11093e-12 0.244307 0.000687761 0.244307 0.510698
3.48 8.3978e-10 1.81363e-12 0.281741 0.0011313 0.281741 0.435386
3.6 9.47689e-10 2.94414e-12 0.317948 0.00184057 0.317948 0.362263
3.72 1.04714e-09 4.75286e-12 0.351316 0.00296693 0.351316 0.294401
3.84 1.13425e-09 7.64745e-12 0.380546 0.0047533 0.380546 0.234155
3.96 1.20642e-09 1.23218e-11 0.404761 0.00760793 0.404761 0.18287
4.08 1.2621e-09 2.0041e-11 0.423443 0.0122701 0.423443 0.140843
4.2 1.29995e-09 3.33365e-11 0.436141 0.0202247 0.436141 0.107493
4.32 1.31678e-09 5.7827e-11 0.441785 0.0348127 0.441785 0.081617
4.44 1.30285e-09 1.06967e-10 0.437109 0.0641959 0.437109 0.061585
4.56 1.23183e-09 2.12482e-10 0.413274 0.128048 0.413274 0.0454029
4.68 1.0514e-09 4.32659e-10 0.352728 0.263623 0.352728 0.0309197
4.8 7.32234e-10 7.93987e-10 0.245637 0.491276 0.245637 0.0174491
4.92 3.97046e-10 1.15205e-09 0.133176 0.725965 0.133176 0.00768284
5.04 1.87511e-10 1.3534e-09 0.0628768 0.871324 0.0628768 0.00292266
5.16 8.74602e-11 1.42472e-09 0.029312 0.940277 0.029312 0.00109922
5.28 4.23923e-11 1.43241e-09 0.0141958 0.971168 0.0141958 0.000440845
5.4 2.14265e-11 1.41571e-09 0.00716645 0.985474 0.00716645 0.000193438
5.52 1.12747e-11 1.39438e-09 0.0037649 0.992376 0.0037649 9.4051e-05
5.64 6.37425e-12 1.3791e-09 0.00212379 0.995699 0.00212379 5.35285e-05
5.76 4.30538e-12 1.37567e-09 0.00142997 0.997099 0.00142997 4.11039e-05
5.88 4.03331e-12 1.38642e-09 0.00133412 0.997284 0.00133412 4.76071e-05
6 5.26402e-12 1.41097e-09 0.00173343 0.996458 0.00173343 7.51778e-05
6.12 8.25912e-12 1.44677e-09 0.00270717 0.994448 0.00270717 0.00013797
6.24 1.39373e-11 1.48948e-09 0.00454587 0.990634 0.00454587 0.000273842
6.36 2.43662e-11 1.53271e-09 0.00790537 0.983607 0.00790537 0.000582316
6.48 4.41424e-11 1.56647e-09 0.0142427 0.970171 0.0142427 0.00134311
6.6 8.39832e-11 1.57273e-09 0.0269541 0.942708 0.0269541 0.00338413
6.72 1.68657e-10 1.51493e-09 0.0538869 0.883106 0.0538869 0.00912032
6.84 3.44115e-10 1.32632e-09 0.109589 0.756283 0.109589 0.0245399
6.96 6.36113e-10 9.58479e-10 0.202157 0.537556 0.202157 0.0581299
7.08 9.33284e-10 5.41546e-10 0.296208 0.300102 0.296208 0.107483
7.2 1.0957e-09 2.65368e-10 0.347439 0.145907 0.347439 0.159215
7.32 1.13425e-09 1.29085e-10 0.359412 0.0707197 0.359412 0.210456
7.44 1.10324e-09 6.61406e-11 0.349382 0.0362307 0.349382 0.265004
7.56 1.03469e-09 3.57442e-11 0.327507 0.0196089 0.327507 0.325376
7.68 9.43997e-10 2.00065e-11 0.298664 0.0109886 0.298664 0.391683
7.8 8.40204e-10 1.13965e-11 0.265714 0.00625774 0.265714 0.462315
7.92 7.30345e-10 6.53149e-12 0.230879 0.0035771 0.230879 0.534664
8.04 6.20547e-10 3.74314e-12 0.196095 0.00203837 0.196095 0.605772
8.16 5.15938e-10 2.14043e-12 0.162977 0.00115396 0.162977 0.672891
8.28 4.20334e-10 1.22242e-12 0.132728 0.000648166 0.132728 0.733895
8.4 3.36081e-10 7.00047e-13 0.106085 0.000361185 0.106085 0.78747
8.52 2.64143e-10 4.05097e-13 0.0833455 0.000199787 0.0833455 0.833109
8.64 2.04375e-10 2.3986e-13 0.0644612 0.000109797 0.0644612 0.870968
8.76 1.55875e-10 1.47972e-13 0.0491433 6.00117e-05 0.0491433 0.901653
8.88 1.17314e-10 9.72177e-14 0.0369692 3.26549e-05 0.0369692 0.926029
9 8.71985e-11 6.93539e-14 0.0274652 1.77066e-05 0.0274652 0.945052
9.12 6.4052e-11 5.41437e-14 0.0201634 9.57543e-06 0.0201634 0.959664
9.24 4.65183e-11 4.58863e-14 0.0146343 5.16813e-06 0.0146343 0.970726
9.36 3.34144e-11 4.1429e-14 0.0105039 2.78567e-06 0.0105039 0.978989
9.48 2.37455e-11 3.90379e-14 0.00745756 1.50029e-06 0.00745756 0.985083
9.6 1.66983e-11 3.77646e-14 0.00523822 8.07753e-07 0.00523822 0.989523
9.72 1.16228e-11 3.70926e-14 0.00364059 4.34945e-07 0.00364059 0.992718
9.84 8.00973e-12 3.67419e-14 0.00250387 2.34348e-07 0.00250387 0.994992
9.96 5.467e-12 3.65617e-14 0.00170432 1.26431e-07 0.00170432 0.996591
10.08 3.69759e-12 3.64708e-14 0.00114826 6.83677e-08 0.00114826 0.997703
10.2 2.47993e-12 3.64263e-14 0.000765829 3.71198e-08 0.000765829 0.998468
10.32 1.6511e-12 3.64053e-14 0.000505684 2.02962e-08 0.000505684 0.998989
10.44 1.09299e-12 3.63961e-14 0.000330632 1.12341e-08 0.000330632 0.999339
10.56 7.21147e-13 3.63925e-14 0.000214088 6.34987e-09 0.000214088 0.999572
10.68 4.75979e-13 3.63914e-14 0.000137308 3.71584e-09 0.000137308 0.999725
10.8 3.15986e-13 3.63914e-14 8.72455e-05 2.2944e-09 8.72455e-05 0.999826
10.92 2.12628e-13 3.63918e-14 5.49336e-05 1.52686e-09 5.49336e-05 0.99989
11.04 1.46526e-13 3.63922e-14 3.42885e-05 1.11215e-09 3.42885e-05 0.999931
11.16 1.04678e-13 3.63926e-14 2.12323e-05 8.87999e-10 2.12323e-05 0.999958
11.28 7.84744e-14 3.63929e-14 1.30657e-05 7.66849e-10 1.30657e-05 0.999974
11.4 6.22853e-14 3.63931e-14 8.02606e-06 7.0148e-10 8.02606e-06 0.999984
11.52 5.24906e-14 3.63932e-14 4.9804e-06 6.66451e-10 4.9804e-06 0.99999
11.64 4.68166e-14 3.63933e-14 3.21787e-06 6.48142e-10 3.21787e-06 0.999994
11.76 4.38989e-14 3.63933e-14 2.31231e-06 6.39424e-10 2.31231e-06 0.999995
11.88 4.3009e-14 3.63934e-14 2.0362e-06 6.36873e-10 2.0362e-06 0.999996
