0.615385 0.000106805 1.43834e-05 3.69931e-22 2.95148e-27 3.69931e-22 0.999878
0.735385 0.00011902 1.43833e-05 4.18864e-22 3.20369e-27 4.18864e-22 0.999866
0.855385 0.000151202 1.43829e-05 5.47781e-22 3.90887e-27 5.47781e-22 0.999834
0.975385 0.000205659 1.43823e-05 7.65941e-22 5.23157e-27 7.65941e-22 0.99978
1.09538 0.000289446 1.43814e-05 1.10161e-21 7.55646e-27 1.10161e-21 0.999696
1.21538 0.00041441 1.43801e-05 1.60227e-21 1.15991e-26 1.60227e-21 0.999571
1.33538 0.000598309 1.43785e-05 2.33907e-21 1.8639e-26 2.33907e-21 0.999387
1.45538 0.000866737 1.43766e-05 3.41456e-21 3.09492e-26 3.41456e-21 0.999118
1.57538 0.00125589 1.43743e-05 4.97378e-21 5.25709e-26 4.97378e-21 0.998729
1.69538 0.00181627 1.43722e-05 7.2191e-21 9.07044e-26 7.2191e-21 0.998169
1.81538 0.00261755 1.43711e-05 1.04296e-20 1.58207e-25 1.04296e-20 0.997368
1.93538 0.00375471 1.43729e-05 1.49859e-20 2.78083e-25 1.49859e-20 0.996231
2.05538 0.00535575 1.43819e-05 2.14007e-20 4.91556e-25 2.14007e-20 0.99463
2.17538 0.00759108 1.44061e-05 3.03568e-20 8.72577e-25 3.03568e-20 0.992395
2.29538 0.0106847 1.44608e-05 4.27514e-20 1.55388e-24 4.27514e-20 0.989301
2.41538 0.0149269 1.45748e-05 5.97476e-20 2.7737e-24 5.97476e-20 0.985059
2.53538 0.0206888 1.48012e-05 8.28315e-20 4.95924e-24 8.28315e-20 0.979297
2.65538 0.0284365 1.52369e-05 1.13871e-19 8.87532e-24 1.13871e-19 0.971549
2.77538 0.0387453 1.60573e-05 1.55169e-19 1.58875e-23 1.55169e-19 0.961239
2.89538 0.0523082 1.75769e-05 2.09501e-19 2.84243e-23 2.09501e-19 0.947675
3.01538 0.0699369 2.03546e-05 2.80119e-19 5.07825e-23 2.80119e-19 0.930043
3.13538 0.0925449 2.53761e-05 3.7068e-19 9.05116e-23 3.7068e-19 0.90743
3.25538 0.121103 3.43616e-05 4.8507e-19 1.60762e-22 4.8507e-19 0.878863
3.37538 0.156554 5.02815e-05 6.27065e-19 2.84196e-22 6.27065e-19 0.843397
3.49538 0.199676 7.82001e-05 7.9978e-19 4.99383e-22 7.9978e-19 0.800246
3.61538 0.250894 0.000126635 1.00491e-18 8.71019e-22 1.00491e-18 0.748979
3.73538 0.310056 0.000209699 1.24185e-18 1.50595e-21 1.24185e-18 0.689734
3.85538 0.376225 0.000350453 1.50683e-18 2.57785e-21 1.50683e-18 0.623424
3.97538 0.447574 0.000586096 1.79254e-18 4.36506e-21 1.79254e-18 0.55184
4.09538 0.521444 0.000976142 2.08832e-18 7.3089e-21 2.08832e-18 0.47758
4.21538 0.594627 0.00161563 2.38133e-18 1.21063e-20 2.38133e-18 0.403756
4.33538 0.663808 0.00265757 2.65827e-18 1.98643e-20 2.65827e-18 0.333533
4.45538 0.72603 0.0043536 2.90732e-18 3.2378e-20 2.90732e-18 0.269616
4.57538 0.77901 0.00713441 3.11933e-18 5.26808e-20 3.11933e-18 0.213855
4.69538 0.821139 0.0117857 3.28785e-18 8.62675e-20 3.28785e-18 0.167075
4.81538 0.851002 0.0198743 3.40723e-18 1.44125e-19 3.40723e-18 0.129123
4.93538 0.866086 0.0348567 3.46739e-18 2.50824e-19 3.46739e-18 0.0990573
5.05538 0.859715 0.0649674 3.44163e-18 4.66091e-19 3.44163e-18 0.0753177
5.17538 0.814611 0.129593 3.26076e-18 9.3383e-19 3.26076e-18 0.055797
5.29538 0.6972 0.264675 2.79042e-18 1.92942e-18 2.79042e-18 0.038125
5.41538 0.489182 0.489179 1.95748e-18 3.62435e-18 1.95748e-18 0.021639
5.53538 0.269173 0.7212 1.07673e-18 5.44792e-18 1.07673e-18 0.00962662
5.65538 0.12952 0.866775 5.17786e-19 6.69763e-18 5.17786e-19 0.00370411
5.77538 0.0616881 0.936904 2.46369e-19 7.42938e-18 2.46369e-19 0.00140819
5.89538 0.0305969 0.968832 1.22027e-19 7.89607e-18 1.22027e-19 0.000571381
6.01538 0.0158724 0.983873 6.31883e-20 8.22679e-18 6.31883e-20 0.000254949
6.13538 0.00863695 0.991236 3.4307e-20 8.45384e-18 3.4307e-20 0.000127862
6.25538 0.0051537 0.994769 2.04128e-20 8.57093e-18 2.04128e-20 7.74523e-05
6.37538 0.00380226 0.996133 1.50033e-20 8.56756e-18 1.50033e-20 6.5472e-05
6.49538 0.00391392 0.996004 1.53742e-20 8.44551e-18 1.53742e-20 8.21476e-05
6.61538 0.00535778 0.994508 2.09473e-20 8.22226e-18 2.09473e-20 0.000134486
6.73538 0.00845288 0.991296 3.28907e-20 7.92541e-18 3.28907e-20 0.00025106
6.85538 0.0141249 0.985367 5.46839e-20 7.58279e-18 5.46839e-20 0.000508699
6.97538 0.0244764 0.974406 9.42535e-20 7.21095e-18 9.42535e-20 0.00111795
7.09538 0.0443468 0.952964 1.69854e-19 6.79911e-18 1.69854e-19 0.00268906
7.21538 0.0850643 0.907921 3.24221e-19 6.27809e-18 3.24221e-19 0.00701484
7.33538 0.170145 0.810966 6.4604e-19 5.47207e-18 6.4604e-19 0.0188888
7.45538 0.32641 0.626326 1.23621e-18 4.15278e-18 1.23621e-18 0.0472637
7.57538 0.521084 0.383051 1.97034e-18 2.51068e-18 1.97034e-18 0.095864
7.69538 0.654347 0.193848 2.47162e-18 1.26232e-18 2.47162e-18 0.151805
7.81538 0.700283 0.0933162 2.64306e-18 6.06429e-19 2.64306e-18 0.206401
7.93538 0.691253 0.0465876 2.60734e-18 3.03154e-19 2.60734e-18 0.262159
8.05538 0.653027 0.0245378 2.46183e-18 1.601e-19 2.46183e-18 0.322435
8.17538 0.598462 0.013447 2.25505e-18 8.79269e-20 2.25505e-18 0.388091
8.29538 0.534509 0.00753036 2.01319e-18 4.92646e-20 2.01319e-18 0.457961
8.41538 0.466063 0.00425336 1.75467e-18 2.77777e-20 1.75467e-18 0.529683
8.53538 0.397171 0.00240502 1.49472e-18 1.56364e-20 1.49472e-18 0.600424
8.65538 0.331173 0.00135683 1.24588e-18 8.75162e-21 1.24588e-18 0.66747
8.77538 0.270569 0.000763557 1.01751e-18 4.86191e-21 1.01751e-18 0.728668
8.89538 0.216928 0.000429641 8.15486e-19 2.6801e-21 8.15486e-19 0.782642
9.01538 0.170945 0.000243032 6.42385e-19 1.46659e-21 6.42385e-19 0.828812
9.13538 0.1326 0.000139508 4.98101e-19 7.9733e-22 4.98101e-19 0.86726
9.25538 0.101378 8.24746e-05 3.80665e-19 4.31081e-22 3.80665e-19 0.898539
9.37538 0.0764754 5.12485e-05 2.87036e-19 2.32008e-22 2.87036e-19 0.923473
9.49538 0.0569693 3.42462e-05 2.13726e-19 1.24415e-22 2.13726e-19 0.942996
9.61538 0.0419351 2.50341e-05 1.57245e-19 6.65314e-23 1.57245e-19 0.95804
9.73538 0.0305165 2.00653e-05 1.14364e-19 3.55043e-23 1.14364e-19 0.969463
9.85538 0.0219614 1.73972e-05 8.22503e-20 1.8919e-23 8.22503e-20 0.978021
9.97538 0.0156338 1.59711e-05 5.85086e-20 1.00718e-23 5.85086e-20 0.98435
10.0954 0.0110114 1.52128e-05 4.11727e-20 5.35906e-24 4.11727e-20 0.988973
10.2154 0.00767501 1.48121e-05 2.86658e-20 2.85111e-24 2.86658e-20 0.99231
10.3354 0.00529496 1.46021e-05 1.97484e-20 1.5172e-24 1.97484e-20 0.99469
10.4554 0.00361663 1.44931e-05 1.34635e-20 8.07895e-25 1.34635e-20 0.996369
10.5754 0.00244652 1.44372e-05 9.08431e-21 4.30718e-25 9.08431e-21 0.997539
10.6954 0.00163984 1.44091e-05 6.06706e-21 2.30113e-25 6.06706e-21 0.998346
10.8154 0.00108983 1.43953e-05 4.01116e-21 1.23383e-25 4.01116e-21 0.998896
10.9354 0.000718886 1.43888e-05 2.62557e-21 6.65741e-26 2.62557e-21 0.999267
11.0554 0.000471392 1.43859e-05 1.70175e-21 3.63201e-26 1.70175e-21 0.999514
11.1754 0.000308 1.43847e-05 1.09234e-21 2.01991e-26 1.09234e-21 0.999678
11.2954 0.000201247 1.43843e-05 6.9451e-22 1.16037e-26 6.9451e-22 0.999784
11.4154 0.000132211 1.43842e-05 4.37463e-22 7.01792e-27 4.37463e-22 0.999853
11.5354 8.8013e-05 1.43843e-05 2.73055e-22 4.56975e-27 2.73055e-22 0.999898
11.6554 5.99984e-05 1.43844e-05 1.68953e-22 3.262e-27 1.68953e-22 0.999926
11.7754 4.24199e-05 1.43845e-05 1.03702e-22 2.56311e-27 1.03702e-22 0.999943
11.8954 3.15084e-05 1.43845e-05 6.32451e-23 2.18959e-27 6.32451e-23 0.999954
12.0154 2.48238e-05 1.43846e-05 3.84903e-23 1.99026e-27 3.84903e-23 0.999961
12.1354 2.08114e-05 1.43846e-05 2.36488e-23 1.88456e-27 2.36488e-23 0.999965
12.2554 1.85029e-05 1.43847e-05 1.51196e-23 1.82983e-27 1.51196e-23 0.999967
12.3754 1.73221e-05 1.43847e-05 1.07606e-23 1.80396e-27 1.07606e-23 0.999968
12.4954 1.6963e-05 1.43847e-05 9.43531e-24 1.79642e-27 9.43531e-24 0.999969
